35 73
23 21
14 14
18 14
24 18
14 17
19 8
21 22
26 9
12 16
23 11
11 17
16 22
17 24
13 21
14 19
13 22
16 17
26 8
20 18
22 13
17 25
25 8
10 18
15 22
21 10
19 24
21 26
22 15
16 14
26 19
21 23
20 9
20 22
22 22
23 22
12 20
20 13
10 21
22 26
9 14
20 15
10 20
15 14
24 21
10 9
22 18
12 15
16 25
9 26
23 25
24 22
21 21
20 17
14 15
22 25
25 22
9 16
8 17
19 19
26 14
15 25
14 13
20 16
17 11
16 15
14 22
19 25
18 10
15 24
26 23
21 13
10 12
17 15
235
16 23 15 24 16 25 17 24 
20 21 20 22 21 22 21 21 
22 20 21 21 22 22 23 21 
25 21 24 21 24 22 25 22 
24 20 23 21 24 22 25 21 
23 20 23 21 24 21 24 20 
15 15 16 15 16 14 15 14 
16 16 17 15 16 14 15 15 
17 16 17 15 16 15 16 16 
15 16 16 17 17 16 16 15 
14 16 15 16 15 15 14 15 
13 15 14 16 15 15 14 14 
13 16 13 15 12 15 12 16 
13 17 14 17 14 16 13 16 
15 17 16 17 16 16 15 16 
14 18 15 17 14 16 13 17 
15 18 15 17 14 17 14 18 
18 20 19 19 16 16 15 17 
17 17 20 17 20 16 17 16 
22 21 22 22 23 22 23 21 
21 20 21 21 22 21 22 20 
22 19 21 20 22 21 23 20 
23 19 22 19 22 20 23 20 
21 19 22 20 23 19 22 18 
20 20 21 19 20 18 19 19 
19 21 20 22 21 21 20 20 
19 20 19 21 20 21 20 20 
18 19 18 20 19 20 19 19 
17 20 18 19 16 17 15 18 
16 20 17 20 17 17 16 17 
18 21 17 20 15 22 16 23 
17 21 18 21 18 20 17 20 
20 14 21 13 18 10 17 11 
21 14 21 13 20 13 20 14 
21 16 22 15 21 14 20 15 
20 19 20 20 21 20 21 19 
19 18 19 19 20 19 20 18 
18 15 17 16 19 18 20 17 
17 14 17 15 18 15 18 14 
16 13 15 14 16 15 17 14 
17 13 16 13 16 14 17 14 
20 11 17 11 17 13 20 13 
21 12 20 13 21 14 22 13 
21 18 21 19 22 19 22 18 
21 17 20 17 20 18 21 18 
22 17 21 16 20 17 21 18 
15 21 16 22 17 21 16 20 
14 21 14 22 15 22 15 21 
14 20 13 21 14 22 15 21 
13 20 13 21 14 21 14 20 
22 11 21 10 20 11 21 12 
15 23 16 23 16 22 15 22 
18 22 19 21 18 20 17 21 
15 20 14 19 13 20 14 21 
16 21 16 20 15 20 15 21 
16 24 15 24 15 25 16 25 
17 23 16 22 15 23 16 24 
17 22 17 21 16 21 16 22 
18 23 18 22 17 22 17 23 
18 25 19 24 18 23 17 24 
18 24 17 24 17 25 18 25 
19 23 18 22 17 23 18 24 
21 15 20 15 20 16 21 16 
22 14 21 14 21 15 22 15 
22 16 21 16 21 17 22 17 
22 12 21 12 21 13 22 13 
20 24 21 23 20 22 19 23 
19 12 17 14 18 15 20 13 
19 10 19 12 21 12 21 10 
23 12 23 11 22 11 22 12 
23 13 22 12 21 13 22 14 
23 14 23 13 22 13 22 14 
24 13 23 12 22 13 23 14 
24 12 23 12 23 13 24 13 
13 18 14 19 15 18 14 17 
19 22 20 21 19 20 18 21 
20 23 20 22 19 22 19 23 
20 25 20 24 19 24 19 25 
22 23 23 22 22 21 21 22 
21 24 20 23 19 24 20 25 
23 24 22 23 21 24 22 25 
24 25 26 23 25 22 23 24 
27 9 26 8 23 11 24 12 
27 8 26 8 26 9 27 9 
26 7 25 8 26 9 27 8 
25 7 25 8 26 8 26 7 
24 6 17 13 18 14 25 7 
12 18 13 17 12 16 11 17 
15 13 14 13 14 14 15 14 
16 12 15 13 16 14 17 13 
16 9 10 9 10 12 16 12 
22 9 20 9 20 11 22 11 
22 24 22 23 21 23 21 24 
12 17 12 18 13 18 13 17 
18 9 19 10 20 9 19 8 
14 5 10 9 14 13 18 9 
11 16 11 17 12 17 12 16 
24 24 23 24 23 25 24 25 
23 15 22 14 21 15 22 16 
23 16 23 15 22 15 22 16 
24 15 23 14 22 15 23 16 
9 13 12 16 13 15 10 12 
19 17 20 18 21 17 20 16 
19 15 20 16 21 15 20 14 
18 11 19 12 20 11 19 10 
14 11 16 13 18 11 16 9 
19 9 18 9 18 10 19 10 
17 5 14 5 14 11 17 11 
23 23 22 22 21 23 22 24 
24 23 24 22 23 22 23 23 
11 14 9 14 9 16 11 16 
10 15 11 16 12 15 11 14 
16 26 17 25 16 24 15 25 
19 14 19 15 20 15 20 14 
13 14 13 15 14 15 14 14 
25 23 24 22 23 23 24 24 
18 26 19 25 18 24 17 25 
19 26 19 25 18 25 18 26 
20 27 21 26 20 25 19 26 
26 22 25 22 25 23 26 23 
25 19 24 18 23 19 24 20 
23 17 22 16 21 17 22 18 
23 18 23 17 22 17 22 18 
24 19 24 18 23 18 23 19 
25 20 25 19 24 19 24 20 
25 18 24 19 25 20 26 19 
24 17 23 16 22 17 23 18 
24 16 23 16 23 17 24 17 
25 17 24 17 24 18 25 18 
21 25 22 26 23 25 22 24 
8 15 9 16 10 15 9 14 
14 23 15 22 14 21 13 22 
13 23 14 23 14 22 13 22 
14 24 15 24 15 23 14 23 
20 26 21 25 20 24 19 25 
19 27 20 27 20 26 19 26 
18 16 19 15 18 14 17 15 
21 8 20 9 21 10 22 9 
23 26 23 25 22 25 22 26 
22 27 23 26 22 25 21 26 
21 27 22 27 22 26 21 26 
20 28 21 27 20 26 19 27 
21 28 21 27 20 27 20 28 
26 18 25 18 25 19 26 19 
9 11 9 13 14 13 14 11 
16 4 9 11 10 12 17 5 
18 4 16 4 16 9 18 9 
13 19 14 19 14 18 13 18 
11 19 12 20 13 19 12 18 
12 19 12 20 13 20 13 19 
11 18 11 19 12 19 12 18 
10 17 10 18 11 18 11 17 
9 18 10 17 9 16 8 17 
9 19 10 20 11 19 10 18 
10 19 10 18 9 18 9 19 
11 20 11 19 10 19 10 20 
12 21 13 20 12 19 11 20 
11 21 12 21 12 20 11 20 
12 22 13 22 13 21 12 21 
9 20 10 21 11 20 10 19 
9 21 10 21 10 20 9 20 
10 22 11 21 10 20 9 21 
11 22 11 21 10 21 10 22 
12 23 13 22 12 21 11 22 
11 23 12 23 12 22 11 22 
12 24 13 23 12 22 11 23 
13 24 13 23 12 23 12 24 
10 27 13 24 12 23 9 26 
20 8 19 8 19 9 20 9 
21 7 18 4 17 5 20 8 
20 7 20 8 21 8 21 7 
26 21 25 20 24 21 25 22 
26 20 25 20 25 21 26 21 
27 21 26 20 25 21 26 22 
27 22 27 21 26 21 26 22 
27 19 26 18 25 19 26 20 
27 20 27 19 26 19 26 20 
25 10 25 8 21 8 21 10 
24 9 22 11 23 12 25 10 
22 6 22 9 24 9 24 6 
26 12 26 9 24 9 24 12 
27 11 22 6 21 7 26 12 
17 26 17 25 16 25 16 26 
18 27 19 26 18 25 17 26 
17 27 18 27 18 26 17 26 
18 28 19 27 18 26 17 27 
19 28 19 27 18 27 18 28 
20 29 21 28 20 27 19 28 
19 29 20 29 20 28 19 28 
18 12 18 14 19 14 19 12 
25 24 25 23 24 23 24 24 
14 25 15 24 14 23 13 24 
13 25 14 25 14 24 13 24 
14 26 15 25 14 24 13 25 
15 26 15 25 14 25 14 26 
16 27 17 26 16 25 15 26 
15 27 16 27 16 26 15 26 
16 28 17 27 16 26 15 27 
17 28 17 27 16 27 16 28 
18 29 19 28 18 27 17 28 
17 29 18 29 18 28 17 28 
18 30 19 29 18 28 17 29 
19 30 19 29 18 29 18 30 
15 19 14 19 14 20 15 20 
18 18 15 18 15 19 18 19 
8 12 8 15 10 15 10 12 
28 21 27 20 26 21 27 22 
28 20 27 20 27 21 28 21 
24 14 23 14 23 15 24 15 
26 13 24 13 24 14 26 14 
25 15 24 14 23 15 24 16 
25 16 25 15 24 15 24 16 
26 17 25 16 24 17 25 18 
27 14 26 13 24 15 25 16 
26 16 25 16 25 17 26 17 
27 16 27 14 26 14 26 16 
25 13 24 12 23 13 24 14 
27 13 26 12 25 13 26 14 
27 12 26 12 26 13 27 13 
27 15 26 14 25 15 26 16 
27 17 26 16 25 17 26 18 
28 11 26 9 25 10 27 12 
27 18 27 17 26 17 26 18 
28 19 27 18 26 19 27 20 
28 18 27 18 27 19 28 19 
28 9 27 9 27 11 28 11 
31 12 28 9 24 13 27 16 
29 19 28 18 27 19 28 20 
28 17 27 16 26 17 27 18 
28 16 27 16 27 17 28 17 
29 20 29 19 28 19 28 20 
29 17 28 16 27 17 28 18 
29 18 29 17 28 17 28 18 
30 19 29 18 28 19 29 20 
30 18 29 18 29 19 30 19 
